S 0 stage
P 100 100 1
M 1 750 233 680 463 1000 563
B 1 200 150 100 200 650 150 100 100 300 300 100 200 850 400 100 100
B 2 0 720 1280 50 0 0 1280 40 0 0 50 800 1230 0 50 800
clearNum 1
end
S 1 stage
P 100 100 1
M 2 800 600 300 600 600 200
M 1 850 233 680 200 900 560
B 1 200 150 100 230 500 350 150 200 900 450 100 100
B 2 0 720 1280 50 0 0 1280 40 0 0 50 800 1230 0 50 800
end
S 2 stage
P 100 100 1
M 2 800 250 850 152 420 330
M 3 650 233 800 563
B 1 180 200 100 150 930 500 100 100 750 150 150 200 400 300 150 200
B 2 0 720 1280 50 0 0 1280 40 0 0 50 800 1230 0 50 800
clearNum 1
end
S 3 stage
P 100 100 1
M 2 800 250 420 330
M 4 650 233 800 563 
M 5 850 233 680 200
B 1 250 200 100 150
B 2 0 720 1280 50 0 0 1280 40 0 0 50 800 1230 0 50 800
clearNum 1
end
S 4 stage
P 100 100 0
M 6 300 80 913 657 1100 253 792 97 97 631
B 2 0 720 1280 50 0 0 1280 40 0 0 50 800 1230 0 50 800
B 1 201 1 78 180
B 1 75 275 307 59
B 1 236 444 163 89
B 1 497 1 93 443
B 1 396 443 141 45
B 1 587 441 -188 91
B 1 397 445 185 84
B 1 396 448 190 82
B 1 401 444 194 91
B 1 766 396 91 309
B 1 757 150 168 128
B 1 1094 1 159 224
B 1 1247 345 -224 144
B 1 1050 327 233 131
B 1 849 542 169 80
clearNum 1
end
S 5 stage
P 100 100 0
M 6 300 80 913 657 1100 253 792 97 97 631
M 7 100 200 300 500 700 300
B 2 0 720 1280 50 0 0 1280 40 0 0 50 800 1230 0 50 800
clearNum 2 7
end
S 6 stage
P 100 100 1
B 2 0 720 1280 50 0 0 1280 40 0 0 50 800 1230 0 50 800
M 8 100 100 950 600 
M 9 500 200
L 12
  다크 소환진을 파괴하라!!!
            다크 스톤을 만들어내는 소환진을
              파괴하여 어둠의 기운이 퍼지는 
                  것을 막아 세계를 구하라.
     (주의, 일정 시간마다 다크스톤이 생성된다.
      소환진은 수호석이 없어야 데미지를 받는다.)
----------------------------------------------------------------      
                           몬스터 정보
     다크 소환진 x1
     소환진의 수호석 x2
     다크 스톤 x시간당 소환
----------------------------------------------------------------
ground 1 0 0 1280 800
clearNum 2 9
end
